14
     0     0     0    82     0     0   109   114     0     0    98   105   108     0
     0     0     0     0   105     0     0   109     0     0     0     0     0     0
     0     0     0    87    92    86     0   103     0   115     0    99     0     0
    82     0    87     0     0   100    93     0     0    93     0   107     0    95
     0   105    92     0     0    96     0     0   115   119    93   108   106    93
     0     0    86   100    96     0     0   118    83     0    82   109     0   109
   109     0     0    93     0     0     0     0     0     0     0     0    87     0
   114   109   103     0     0   118     0     0    97   102     0     0   105    83
     0     0     0     0   115    83     0    97     0     0     0    89     0    91
     0     0   115    93   119     0     0   102     0     0     0     0     0   115
    98     0     0     0    93    82     0     0     0     0     0    99   106     0
   105     0    99   107   108   109     0     0    89     0    99     0     0    80
   108     0     0     0   106     0    87   105     0     0   106     0     0     0
     0     0     0    95    93   109     0    83    91   115     0    80     0     0
