22
     0     0   111     0   100     0     0   104     0     0     0    93     0     0     0     0     0     0     0     0     0   119
     0     0     0    88     0   111     0     0     0     0   105    88     0     0     0     0     0   117     0     0    88     0
   111     0     0     0    91     0     0    86     0     0     0     0    84     0     0     0     0     0     0    81    84     0
     0    88     0     0   104   102   100     0    81     0   118     0     0     0     0     0     0     0     0     0     0     0
   100     0    91   104     0   109     0     0    99     0   117     0     0     0     0   104    84     0     0     0     0     0
     0   111     0   102   109     0     0   103     0     0     0   116     0     0     0     0     0     0     0     0     0     0
     0     0     0   100     0     0     0     0     0     0     0     0     0     0     0     0     0     0   104     0     0    91
   104     0    86     0     0   103     0     0     0     0     0     0     0     0     0     0     0   108     0     0     0     0
     0     0     0    81    99     0     0     0     0    97     0     0     0     0     0     0   112     0     0     0     0     0
     0     0     0     0     0     0     0     0    97     0     0     0     0     0     0     0     0     0     0     0     0     0
     0   105     0   118   117     0     0     0     0     0     0     0     0     0     0     0    94     0     0     0     0     0
    93    88     0     0     0   116     0     0     0     0     0     0     0     0     0   110     0     0     0     0     0     0
     0     0    84     0     0     0     0     0     0     0     0     0     0     0   112     0     0     0     0     0     0     0
     0     0     0     0     0     0     0     0     0     0     0     0     0     0     0     0     0     0     0     0     0   102
     0     0     0     0     0     0     0     0     0     0     0     0   112     0     0     0     0   103     0     0     0     0
     0     0     0     0   104     0     0     0     0     0     0   110     0     0     0     0     0     0     0     0    96   112
     0     0     0     0    84     0     0     0   112     0    94     0     0     0     0     0     0     0   101     0     0     0
     0   117     0     0     0     0     0   108     0     0     0     0     0     0   103     0     0     0     0     0     0   104
     0     0     0     0     0     0   104     0     0     0     0     0     0     0     0     0   101     0     0    82     0     0
     0     0    81     0     0     0     0     0     0     0     0     0     0     0     0     0     0     0    82     0     0     0
     0    88    84     0     0     0     0     0     0     0     0     0     0     0     0    96     0     0     0     0     0   107
   119     0     0     0     0     0    91     0     0     0     0     0     0   102     0   112     0   104     0     0   107     0
