15
     0     0     0     0   116     0   104     0     0   103   114     0    96     0     0
     0     0     0    98   119     0   103     0     0     0     0     0     0     0     0
     0     0     0     0     0   111     0    96   100    80     0   120     0     0   106
     0    98     0     0     0   105     0     0     0     0    86     0     0     0   116
   116   119     0     0     0   110     0    85   108   110     0     0     0   102    89
     0     0   111   105   110     0   101   114     0     0     0   120     0   116   113
   104   103     0     0     0   101     0     0    97     0   111     0   104     0     0
     0     0    96     0    85   114     0     0     0    94     0    94     0     0    88
     0     0   100     0   108     0    97     0     0    89     0     0   113     0   106
   103     0    80     0   110     0     0    94    89     0    87    97    98     0     0
   114     0     0    86     0     0   111     0     0    87     0   106     0   117     0
     0     0   120     0     0   120     0    94     0    97   106     0     0   100     0
    96     0     0     0     0     0   104     0   113    98     0     0     0   105   102
     0     0     0     0   102   116     0     0     0     0   117   100   105     0     0
     0     0   106   116    89   113     0    88   106     0     0     0   102     0     0
