15
     0     0     0     0     0    84     0   112     0     0    88    89     0   110     0
     0     0    85    80    83   112     0   104     0     0     0     0     0     0     0
     0    85     0     0     0     0     0     0    97    84   116     0    86   120    95
     0    80     0     0     0   108     0    85     0    88     0     0   118   106    95
     0    83     0     0     0   106     0     0   115   112   111     0     0     0   106
    84   112     0   108   106     0    83   109     0   119     0     0     0     0     0
     0     0     0     0     0    83     0   108     0     0     0   113   113   117     0
   112   104     0    85     0   109   108     0     0    81   102     0    81     0    84
     0     0    97     0   115     0     0     0     0     0     0     0     0   105     0
     0     0    84    88   112   119     0    81     0     0     0   115   108     0    83
    88     0   116     0   111     0     0   102     0     0     0     0     0     0     0
    89     0     0     0     0     0   113     0     0   115     0     0     0    81     0
     0     0    86   118     0     0   113    81     0   108     0     0     0   104     0
   110     0   120   106     0     0   117     0   105     0     0    81   104     0    92
     0     0    95    95   106     0     0    84     0    83     0     0     0    92     0
