15
     0   104   107     0   108   103    90     0    97    90   110   102     0    86     0
   104     0   106     0    80     0    85     0     0     0    89     0     0     0   111
   107   106     0    93    83     0     0     0     0     0    85     0     0   105     0
     0     0    93     0     0   119    98     0     0   112     0     0    81    87     0
   108    80    83     0     0     0     0     0     0    95     0     0    83    94     0
   103     0     0   119     0     0     0     0   101     0     0    85     0    90    83
    90    85     0    98     0     0     0   112     0     0     0   117   113     0     0
     0     0     0     0     0     0   112     0     0     0    96     0    89     0     0
    97     0     0     0     0   101     0     0     0     0    92   108     0     0    80
    90     0     0   112    95     0     0     0     0     0     0   114     0     0   114
   110    89    85     0     0     0     0    96    92     0     0     0   106   114    80
   102     0     0     0     0    85   117     0   108   114     0     0     0     0   115
     0     0     0    81    83     0   113    89     0     0   106     0     0     0     0
    86     0   105    87    94    90     0     0     0     0   114     0     0     0     0
     0   111     0     0     0    83     0     0    80   114    80   115     0     0     0
