18
     0     0     0     0   114   111     0    93     0     0     0     0     0     0     0    86     0     0
     0     0     0     0     0     0   119     0     0     0     0   111    90   116     0     0     0     0
     0     0     0    91     0     0     0   120    90     0   102    80     0   113     0     0     0     0
     0     0    91     0   106     0     0     0    82     0   106     0     0     0   117     0    86     0
   114     0     0   106     0     0     0     0     0     0     0     0    88    80     0     0   102     0
   111     0     0     0     0     0     0     0   114     0     0     0   100     0     0     0     0     0
     0   119     0     0     0     0     0     0     0     0     0   117    91     0     0   109     0    93
    93     0   120     0     0     0     0     0     0   105     0     0    81     0     0    87    98   115
     0     0    90    82     0   114     0     0     0   100     0     0     0     0     0     0     0     0
     0     0     0     0     0     0     0   105   100     0     0     0   106     0   113     0     0     0
     0     0   102   106     0     0     0     0     0     0     0     0    92     0     0     0   119   109
     0   111    80     0     0     0   117     0     0     0     0     0     0   103     0     0     0     0
     0    90     0     0    88   100    91    81     0   106    92     0     0     0     0   118     0    80
     0   116   113     0    80     0     0     0     0     0     0   103     0     0     0     0     0     0
     0     0     0   117     0     0     0     0     0   113     0     0     0     0     0    86     0   118
    86     0     0     0     0     0   109    87     0     0     0     0   118     0    86     0     0   115
     0     0     0    86   102     0     0    98     0     0   119     0     0     0     0     0     0     0
     0     0     0     0     0     0    93   115     0     0   109     0    80     0   118   115     0     0
